%YAML:1.0
---
CcameraMatrix: !!opencv-matrix
   rows: 3
   cols: 3
   dt: f
   data: [ 1.08137207e+03, 0., 9.59500000e+02, 0., 1.08137207e+03,
       5.39500000e+02, 0., 0., 1. ]
DcameraMatrix: !!opencv-matrix
   rows: 3
   cols: 3
   dt: f
   data: [ 3.65381500e+02, 0., 2.63912109e+02, 0., 3.65381500e+02,
       2.03802994e+02, 0., 0., 1. ]
distCoeffs: !!opencv-matrix
   rows: 1
   cols: 5
   dt: f
   data: [ 9.26961228e-02, -2.68882513e-01, 0., 0., 9.45771784e-02 ]
