%YAML:1.0
---
CcameraMatrix: !!opencv-matrix
   rows: 3
   cols: 3
   dt: f
   data: [ 1.08137207e+03, 0., 9.59500000e+02, 0., 1.08137207e+03,
       5.39500000e+02, 0., 0., 1. ]
DcameraMatrix: !!opencv-matrix
   rows: 3
   cols: 3
   dt: f
   data: [ 3.67825592e+02, 0., 2.59602295e+02, 0., 3.67825592e+02,
       2.04101303e+02, 0., 0., 1. ]
distCoeffs: !!opencv-matrix
   rows: 1
   cols: 5
   dt: f
   data: [ 8.83158892e-02, -2.71562397e-01, 0., 0., 9.67047885e-02 ]
